2.30e+03 0.0440
4.20e+03 0.0713
8.50e+03 0.1175
2.30e+04 0.1906
1.40e+05 0.2693
2.90e+05 0.2743
8.60e+05 0.3061
1.40e+06 0.3195
1.50e+06 0.3223
1.70e+06 0.3275
2.00e+06 0.3446
2.30e+06 0.3684
3.10e+06 0.4895
3.30e+06 0.5220
3.40e+06 0.5520
3.70e+06 0.6196
4.20e+06 0.7525
4.80e+06 0.8928
5.10e+06 0.9577
6.40e+06 1.1207
6.80e+06 1.1443
7.00e+06 1.1488
7.20e+06 1.1567
7.70e+06 1.1677
8.60e+06 1.1833
9.10e+06 1.1887
9.60e+06 1.1935
1.40e+07 1.2181
1.60e+07 1.2175
1.70e+07 1.2171
2.40e+07 1.2275
2.60e+07 1.2267
3.00e+07 1.2326
3.50e+07 1.2370
3.90e+07 1.2499
4.30e+07 1.2535
4.40e+07 1.2552
4.60e+07 1.2528
5.00e+07 1.2562
5.20e+07 1.2538
5.50e+07 1.2578
5.70e+07 1.2595
6.40e+07 1.2634
6.50e+07 1.2599
7.10e+07 1.2651
7.20e+07 1.2637
7.50e+07 1.2635
7.60e+07 1.2627
7.70e+07 1.2644
8.30e+07 1.2628
8.90e+07 1.2666
9.10e+07 1.2681
9.80e+07 1.2716
