1.00e+00 0.0279
1.10e+00 0.0279
2.00e+00 0.0276
3.00e+00 0.0279
4.00e+00 0.0276
5.00e+00 0.0284
6.00e+00 0.0285
7.00e+00 0.0294
8.00e+00 0.0292
9.00e+00 0.0289
1.00e+01 0.0288
1.10e+01 0.0292
2.00e+01 0.0299
3.00e+01 0.0314
4.00e+01 0.0317
5.00e+01 0.0307
6.00e+01 0.0288
7.00e+01 0.0268
8.00e+01 0.0294
9.00e+01 0.0275
1.00e+02 0.0279
1.10e+02 0.0273
2.00e+02 0.0265
3.00e+02 0.0324
4.00e+02 0.0328
5.00e+02 0.0288
6.00e+02 0.0299
7.00e+02 0.0294
8.00e+02 0.0362
9.00e+02 0.0361
1.00e+03 0.0402
1.10e+03 0.0356
2.00e+03 0.0556
3.00e+03 0.0710
4.00e+03 0.0909
5.00e+03 0.0997
6.00e+03 0.1169
7.00e+03 0.1307
8.00e+03 0.1476
9.00e+03 0.1525
1.00e+04 0.1689
1.10e+04 0.1732
2.00e+04 0.2548
3.00e+04 0.3109
4.00e+04 0.3413
5.00e+04 0.3807
6.00e+04 0.3933
7.00e+04 0.4042
8.00e+04 0.4307
9.00e+04 0.4517
1.00e+05 0.4620
1.10e+05 0.4740
7.50e+05 0.8418
1.00e+06 0.9808
1.50e+06 1.2243
2.00e+06 1.3626
2.20e+06 1.3811
2.90e+06 1.4644
3.00e+06 1.4657
3.60e+06 1.4825
4.00e+06 1.4939
4.30e+06 1.5091
5.00e+06 1.5182
5.70e+06 1.5301
6.00e+06 1.5363
6.40e+06 1.5323
7.00e+06 1.5404
7.10e+06 1.5455
7.80e+06 1.5498
8.00e+06 1.5417
8.50e+06 1.5553
9.00e+06 1.5685
9.20e+06 1.5745
9.90e+06 1.5815
1.00e+07 1.5774
1.10e+07 1.5906
1.20e+07 1.5950
1.30e+07 1.6015
1.40e+07 1.6060
1.50e+07 1.6137
1.60e+07 1.6140
1.70e+07 1.6153
1.80e+07 1.6267
1.90e+07 1.6464
2.00e+07 1.6461
2.10e+07 1.6412
2.20e+07 1.6398
2.30e+07 1.6556
2.40e+07 1.6600
2.50e+07 1.6591
2.60e+07 1.6581
2.70e+07 1.6713
2.80e+07 1.6567
2.90e+07 1.6640
3.00e+07 1.6700
3.10e+07 1.6732
3.20e+07 1.6678
3.30e+07 1.6633
3.40e+07 1.6719
3.50e+07 1.6690
3.60e+07 1.6688
3.70e+07 1.6810
3.80e+07 1.6939
3.90e+07 1.6771
4.00e+07 1.6881
4.10e+07 1.6845
4.20e+07 1.6800
4.30e+07 1.6760
4.40e+07 1.6919
4.50e+07 1.6819
4.60e+07 1.6928
4.70e+07 1.6824
4.80e+07 1.6817
4.90e+07 1.6860
5.00e+07 1.6883
5.10e+07 1.6848
5.20e+07 1.6884
5.30e+07 1.6970
5.40e+07 1.6902
5.50e+07 1.7021
5.60e+07 1.7039
5.70e+07 1.6975
5.80e+07 1.6812
5.90e+07 1.7014
6.00e+07 1.7001
6.10e+07 1.7031
6.20e+07 1.6997
6.30e+07 1.6954
6.40e+07 1.6955
6.50e+07 1.7032
6.60e+07 1.7143
6.70e+07 1.7171
6.80e+07 1.7110
6.90e+07 1.7052
7.00e+07 1.7061
7.10e+07 1.7116
7.20e+07 1.7107
7.30e+07 1.7127
7.40e+07 1.7156
7.50e+07 1.7183
7.60e+07 1.7170
7.70e+07 1.7146
7.80e+07 1.7220
7.90e+07 1.7184
8.00e+07 1.7153
8.10e+07 1.7210
8.20e+07 1.7203
8.30e+07 1.7285
8.40e+07 1.7299
8.50e+07 1.7292
8.60e+07 1.7297
8.70e+07 1.7302
8.80e+07 1.7335
8.90e+07 1.7314
9.00e+07 1.7295
9.10e+07 1.7318
9.20e+07 1.7305
9.30e+07 1.7276
9.40e+07 1.7343
9.50e+07 1.7334
9.60e+07 1.7394
9.70e+07 1.7299
9.80e+07 1.7409
9.90e+07 1.7339
1.00e+08 1.7321
1.10e+08 1.7327
1.20e+08 1.7391
1.30e+08 1.7430
1.40e+08 1.7359
1.50e+08 1.7306
1.60e+08 1.7380
1.70e+08 1.7376
1.80e+08 1.7266
1.90e+08 1.7417
2.00e+08 1.7394
2.10e+08 1.7422
2.20e+08 1.7457
2.30e+08 1.7373
2.40e+08 1.7352
2.50e+08 1.7427
2.60e+08 1.7461
2.70e+08 1.7405
2.80e+08 1.7416
2.90e+08 1.7385
3.00e+08 1.7429
3.10e+08 1.7345
3.20e+08 1.7430
3.30e+08 1.7474
3.40e+08 1.7421
3.50e+08 1.7384
3.60e+08 1.7479
3.70e+08 1.7490
3.80e+08 1.7464
3.90e+08 1.7406
4.00e+08 1.7341
4.10e+08 1.7441
4.20e+08 1.7421
4.30e+08 1.7438
4.40e+08 1.7396
4.50e+08 1.7413
4.60e+08 1.7418
4.70e+08 1.7413
4.80e+08 1.7450
4.90e+08 1.7487
5.00e+08 1.7467
5.10e+08 1.7438
5.20e+08 1.7434
5.30e+08 1.7450
5.40e+08 1.7402
5.50e+08 1.7389
5.60e+08 1.7382
5.70e+08 1.7384
5.80e+08 1.7360
5.90e+08 1.7442
6.00e+08 1.7363
6.10e+08 1.7407
6.20e+08 1.7409
6.30e+08 1.7425
6.40e+08 1.7453
6.50e+08 1.7460
6.60e+08 1.7443
6.70e+08 1.7434
6.80e+08 1.7389
6.90e+08 1.7455
7.00e+08 1.7374
7.10e+08 1.7451
7.20e+08 1.7409
7.30e+08 1.7398
7.40e+08 1.7408
7.50e+08 1.7264
