1.60e+03 0.0296
2.10e+03 0.0394
4.20e+03 0.0696
1.40e+05 0.2674
2.90e+05 0.2804
5.00e+05 0.2918
5.30e+05 0.2912
6.40e+05 0.2990
6.80e+05 0.2973
7.90e+05 0.3030
8.60e+05 0.3028
9.70e+05 0.3077
1.40e+06 0.3203
1.50e+06 0.3238
1.70e+06 0.3336
2.00e+06 0.3525
2.30e+06 0.3776
3.10e+06 0.5015
3.20e+06 0.5151
3.30e+06 0.5405
3.40e+06 0.5652
3.60e+06 0.6170
3.70e+06 0.6456
3.90e+06 0.6937
4.20e+06 0.7772
4.40e+06 0.8200
4.80e+06 0.9132
5.00e+06 0.9479
5.10e+06 0.9713
5.20e+06 0.9902
6.40e+06 1.1209
6.60e+06 1.1331
6.80e+06 1.1403
7.00e+06 1.1462
7.20e+06 1.1547
7.70e+06 1.1663
8.10e+06 1.1727
8.50e+06 1.1768
8.60e+06 1.1786
9.00e+06 1.1821
9.10e+06 1.1836
9.40e+06 1.1853
9.60e+06 1.1862
1.40e+07 1.2116
1.60e+07 1.2178
1.70e+07 1.2185
1.80e+07 1.2198
2.40e+07 1.2317
2.60e+07 1.2334
