5.80e+04 0.2320
5.30e+05 0.3045
1.40e+07 1.1516
1.60e+07 1.1488
1.80e+07 1.1615
2.60e+07 1.2273
3.50e+07 1.2658
3.90e+07 1.2635
4.60e+07 1.3038
5.20e+07 1.3308
7.70e+07 1.3300
2.00e+08 1.3405
2.10e+08 1.3261
2.40e+08 1.3230
2.60e+08 1.3355
2.70e+08 1.3425
2.90e+08 1.3340
3.40e+08 1.3350
3.80e+08 1.3278
4.30e+08 1.3313
5.30e+08 1.3468
5.40e+08 1.3375
5.50e+08 1.3388
5.60e+08 1.3202
6.30e+08 1.3240
6.50e+08 1.3350
6.60e+08 1.3353
6.70e+08 1.3322
7.40e+08 1.3443
7.70e+08 1.3250
8.00e+08 1.3300
8.10e+08 1.3328
8.20e+08 1.3395
8.50e+08 1.3455
8.60e+08 1.3383
8.90e+08 1.3210
9.00e+08 1.3451
9.60e+08 1.3334
9.80e+08 1.3288
9.90e+08 1.3448
1.00e+09 1.3262
1.30e+09 1.3410
1.80e+09 1.3250
1.90e+09 1.3180
2.10e+09 1.3383
2.20e+09 1.3308
2.40e+09 1.3275
2.90e+09 1.3355
3.00e+09 1.3327
