1.00e+00 0.1409
1.10e+00 0.1409
2.00e+00 0.1409
3.00e+00 0.1409
4.00e+00 0.1432
5.00e+00 0.1412
6.00e+00 0.1377
7.00e+00 0.1377
8.00e+00 0.1365
9.00e+00 0.1388
1.00e+01 0.1412
1.10e+01 0.1423
2.00e+01 0.1347
3.00e+01 0.1312
4.00e+01 0.1335
5.00e+01 0.1416
6.00e+01 0.1393
7.00e+01 0.1436
8.00e+01 0.1412
9.00e+01 0.1352
1.00e+02 0.1337
1.10e+02 0.1294
2.00e+02 0.1251
3.00e+02 0.1368
4.00e+02 0.1317
5.00e+02 0.1153
6.00e+02 0.1207
7.00e+02 0.1269
8.00e+02 0.1450
9.00e+02 0.1361
1.00e+03 0.1575
1.10e+03 0.1312
2.00e+03 0.1353
3.00e+03 0.1294
4.00e+03 0.1653
5.00e+03 0.1439
6.00e+03 0.1409
7.00e+03 0.1659
8.00e+03 0.1568
9.00e+03 0.1674
1.00e+04 0.1834
1.10e+04 0.1934
2.00e+04 0.2443
3.00e+04 0.2780
4.00e+04 0.3316
5.00e+04 0.3510
6.00e+04 0.4028
7.00e+04 0.4563
8.00e+04 0.5112
9.00e+04 0.5273
1.00e+05 0.5441
1.10e+05 0.5962
1.00e+06 1.2398
2.00e+06 1.6510
2.90e+06 1.8168
3.00e+06 1.8187
4.00e+06 1.9054
5.00e+06 1.9336
5.80e+06 1.9444
6.00e+06 1.9571
7.00e+06 1.9515
8.00e+06 1.9431
8.60e+06 1.9478
9.00e+06 1.9495
1.00e+07 1.9479
1.10e+07 1.9559
1.40e+07 1.9684
1.70e+07 1.9621
2.00e+07 1.9683
2.30e+07 1.9723
2.60e+07 1.9722
2.80e+07 1.9685
3.00e+07 1.9598
3.10e+07 1.9722
3.40e+07 1.9798
3.70e+07 1.9901
4.00e+07 1.9855
4.30e+07 1.9797
4.50e+07 1.9786
4.80e+07 1.9748
5.00e+07 1.9706
5.10e+07 1.9706
5.40e+07 1.9763
5.70e+07 1.9719
6.00e+07 1.9814
6.20e+07 1.9709
