1.50e+02 0.0031
4.00e+02 0.0080
1.20e+03 0.0227
4.50e+04 0.2265
5.40e+04 0.2346
7.90e+04 0.2493
9.30e+04 0.2540
1.20e+05 0.2615
1.40e+05 0.2662
1.50e+05 0.2672
2.30e+05 0.2783
2.40e+05 0.2789
2.70e+05 0.2799
2.90e+05 0.2809
3.10e+05 0.2835
3.40e+05 0.2848
5.00e+05 0.2920
5.30e+05 0.2932
5.60e+05 0.2941
5.90e+05 0.2952
6.70e+05 0.2983
6.80e+05 0.2977
7.00e+05 0.2992
7.90e+05 0.3009
8.00e+05 0.3000
8.10e+05 0.3019
8.30e+05 0.3015
8.60e+05 0.3025
8.90e+05 0.3027
9.40e+05 0.3055
9.70e+05 0.3061
9.90e+05 0.3065
1.40e+06 0.3206
1.50e+06 0.3245
1.70e+06 0.3332
2.00e+06 0.3505
2.30e+06 0.3760
3.10e+06 0.4971
3.20e+06 0.5176
3.30e+06 0.5408
3.40e+06 0.5645
3.70e+06 0.6390
3.90e+06 0.6891
4.20e+06 0.7669
4.80e+06 0.9048
5.00e+06 0.9486
5.10e+06 0.9684
6.40e+06 1.1224
6.60e+06 1.1334
