8.50e+03 0.1131
3.40e+04 0.2119
5.10e+04 0.2304
9.30e+04 0.2536
1.70e+06 0.3262
2.30e+06 0.3716
3.40e+06 0.5696
4.20e+06 0.7963
5.10e+06 0.9923
6.80e+06 1.1497
8.50e+06 1.1865
9.10e+06 1.1879
9.60e+06 1.1881
1.40e+07 1.1991
1.60e+07 1.1936
1.70e+07 1.2064
2.40e+07 1.2190
2.60e+07 1.2224
3.00e+07 1.2238
3.50e+07 1.2360
3.90e+07 1.2456
4.30e+07 1.2521
4.40e+07 1.2514
4.60e+07 1.2606
5.00e+07 1.2626
5.20e+07 1.2609
5.50e+07 1.2662
5.70e+07 1.2607
6.10e+07 1.2727
6.40e+07 1.2705
6.50e+07 1.2717
7.10e+07 1.2714
7.20e+07 1.2683
7.50e+07 1.2824
7.60e+07 1.2843
7.70e+07 1.2800
8.30e+07 1.2958
8.90e+07 1.2857
9.10e+07 1.2855
9.80e+07 1.2801
2.00e+08 1.2983
2.10e+08 1.3051
2.40e+08 1.3070
2.60e+08 1.3007
2.70e+08 1.3024
2.90e+08 1.3075
3.40e+08 1.3071
3.80e+08 1.3047
4.30e+08 1.3265
