2.900000000000000000e+01 2.132062730730000053e-03
5.800000000000000000e+01 2.389661445819999796e-03
8.700000000000000000e+01 2.607715770830000123e-03
1.200000000000000000e+02 3.030521121110000063e-03
1.500000000000000000e+02 3.420035709909999798e-03
1.700000000000000000e+02 4.097175770880000234e-03
2.000000000000000000e+02 4.750925770880000051e-03
2.300000000000000000e+02 5.338185012560000414e-03
2.600000000000000000e+02 5.962470093849999916e-03
2.900000000000000000e+02 6.590264484469999899e-03
5.800000000000000000e+02 1.312167472550000019e-02
8.700000000000000000e+02 1.891413384180000087e-02
1.200000000000000000e+03 2.464413384179999986e-02
1.500000000000000000e+03 2.979350884180000103e-02
1.700000000000000000e+03 3.498539669049999939e-02
2.000000000000000000e+03 3.914430705779999714e-02
2.300000000000000000e+03 4.376477513439999689e-02
2.600000000000000000e+03 4.914350896800000201e-02
2.900000000000000000e+03 5.382469436560000098e-02
3.200000000000000000e+03 5.794100896800000178e-02
3.500000000000000000e+03 6.190094436560000107e-02
3.800000000000000000e+03 6.608656936560000639e-02
4.100000000000000000e+03 6.966265484599999669e-02
4.400000000000000000e+03 7.352515484600000151e-02
4.700000000000000000e+03 7.691952984600000653e-02
5.000000000000000000e+03 7.985576261820000188e-02
5.200000000000000000e+03 8.382763761820000159e-02
5.500000000000000000e+03 8.697201261820000640e-02
5.800000000000000000e+03 8.997638761819999609e-02
6.100000000000000000e+03 9.262701261819999976e-02
6.400000000000000000e+03 9.571138761820000007e-02
6.700000000000000000e+03 9.883451261820000444e-02
7.000000000000000000e+03 1.012326332390000028e-01
7.300000000000000000e+03 1.039732582389999993e-01
7.600000000000000000e+03 1.067276332390000027e-01
7.900000000000000000e+03 1.099757787850000057e-01
8.200000000000000000e+03 1.125851365570000040e-01
8.500000000000000000e+03 1.151926537850000015e-01
8.700000000000000000e+03 1.172095287850000028e-01
9.000000000000000000e+03 1.194626546010000012e-01
9.300000000000000000e+03 1.217113873729999962e-01
9.600000000000000000e+03 1.237120123730000021e-01
9.900000000000000000e+03 1.258995123730000110e-01
1.000000000000000000e+04 1.301438873730000056e-01
1.100000000000000000e+04 1.362488873730000050e-01
1.200000000000000000e+04 1.407332582389999864e-01
1.300000000000000000e+04 1.473276442270000097e-01
1.400000000000000000e+04 1.518095202339999894e-01
1.500000000000000000e+04 1.577395191729999979e-01
1.600000000000000000e+04 1.621488952340000012e-01
1.700000000000000000e+04 1.660070191730000089e-01
1.800000000000000000e+04 1.698126449890000056e-01
1.900000000000000000e+04 1.730582700430000065e-01
2.000000000000000000e+04 1.768126439820000007e-01
2.100000000000000000e+04 1.796047354560000031e-01
2.200000000000000000e+04 1.843032689820000014e-01
2.300000000000000000e+04 1.866613941730000115e-01
2.400000000000000000e+04 1.890242100960000116e-01
1.400000000000000000e+05 2.577408768000000183e-01
1.500000000000000000e+05 2.593319102719999769e-01
1.600000000000000000e+05 2.610333766740000061e-01
1.700000000000000000e+05 2.610637852720000263e-01
1.800000000000000000e+05 2.627350352719999838e-01
1.900000000000000000e+05 2.632490017999999932e-01
2.000000000000000000e+05 2.645125352720000267e-01
2.100000000000000000e+05 2.648533767999999844e-01
2.200000000000000000e+05 2.655196268000000193e-01
2.300000000000000000e+05 2.664871267999999738e-01
2.400000000000000000e+05 2.676552517999999936e-01
2.500000000000000000e+05 2.682640017999999849e-01
2.600000000000000000e+05 2.683977517999999729e-01
2.700000000000000000e+05 2.692300352720000123e-01
2.800000000000000000e+05 2.693990017999999820e-01
2.900000000000000000e+05 2.697731602719999899e-01
3.000000000000000000e+05 2.702558768000000167e-01
3.100000000000000000e+05 2.709977518000000196e-01
3.200000000000000000e+05 2.714850352720000193e-01
3.300000000000000000e+05 2.715471267999999827e-01
3.400000000000000000e+05 2.715990018000000172e-01
3.500000000000000000e+05 2.718996268000000160e-01
3.600000000000000000e+05 2.723196267999999920e-01
3.700000000000000000e+05 2.731531602719999841e-01
3.800000000000000000e+05 2.732652517999999975e-01
3.900000000000000000e+05 2.734802518000000182e-01
4.000000000000000000e+05 2.735196268000000264e-01
4.100000000000000000e+05 2.736996267999999843e-01
4.200000000000000000e+05 2.743120145410000155e-01
4.300000000000000000e+05 2.746019102719999827e-01
4.400000000000000000e+05 2.751387852719999749e-01
4.500000000000000000e+05 2.755712852719999773e-01
4.600000000000000000e+05 2.757058768000000271e-01
4.700000000000000000e+05 2.757302517999999925e-01
4.800000000000000000e+05 2.760677517999999830e-01
4.900000000000000000e+05 2.761000352719999995e-01
5.000000000000000000e+05 2.763444102720000184e-01
5.100000000000000000e+05 2.763683767999999819e-01
5.200000000000000000e+05 2.764294102720000201e-01
5.300000000000000000e+05 2.765908767999999962e-01
5.400000000000000000e+05 2.770737852719999950e-01
5.500000000000000000e+05 2.771271268000000121e-01
5.600000000000000000e+05 2.777502518000000142e-01
5.700000000000000000e+05 2.779871267999999840e-01
5.800000000000000000e+05 2.782081602720000157e-01
5.900000000000000000e+05 2.783394102719999874e-01
6.000000000000000000e+05 2.783590018000000055e-01
6.100000000000000000e+05 2.783650352720000165e-01
6.200000000000000000e+05 2.785156602719999763e-01
6.300000000000000000e+05 2.785852517999999889e-01
6.400000000000000000e+05 2.786606602719999826e-01
6.500000000000000000e+05 2.788244102720000006e-01
6.600000000000000000e+05 2.791546268000000275e-01
6.700000000000000000e+05 2.792631602719999884e-01
6.800000000000000000e+05 2.794537852719999882e-01
6.900000000000000000e+05 2.794687852719999754e-01
7.000000000000000000e+05 2.801637852719999766e-01
7.100000000000000000e+05 2.801712852720000257e-01
7.200000000000000000e+05 2.805425352720000154e-01
7.300000000000000000e+05 2.805915017999999761e-01
7.400000000000000000e+05 2.809456602720000196e-01
7.500000000000000000e+05 2.812512852719999956e-01
7.600000000000000000e+05 2.817769102720000252e-01
7.700000000000000000e+05 2.817783766740000195e-01
7.800000000000000000e+05 2.818571268000000241e-01
7.900000000000000000e+05 2.819815017999999784e-01
8.000000000000000000e+05 2.821600352720000093e-01
8.100000000000000000e+05 2.822475352720000275e-01
8.200000000000000000e+05 2.823944102720000182e-01
8.300000000000000000e+05 2.830506927809999795e-01
8.400000000000000000e+05 2.835527518000000025e-01
8.500000000000000000e+05 2.836083768000000060e-01
8.600000000000000000e+05 2.836903983829999754e-01
8.800000000000000000e+05 2.837950352720000069e-01
8.900000000000000000e+05 2.838362852719999996e-01
9.000000000000000000e+05 2.839106602720000150e-01
9.100000000000000000e+05 2.839875352719999912e-01
9.200000000000000000e+05 2.841012852720000148e-01
9.300000000000000000e+05 2.841233767999999937e-01
9.400000000000000000e+05 2.842375352720000192e-01
9.500000000000000000e+05 2.844550352720000008e-01
9.600000000000000000e+05 2.846044102720000080e-01
9.700000000000000000e+05 2.846056602720000162e-01
9.800000000000000000e+05 2.847900352719999750e-01
9.900000000000000000e+05 2.853331602720000082e-01
1.000000000000000000e+06 2.861569102720000202e-01
1.100000000000000000e+06 2.878394102719999958e-01
1.200000000000000000e+06 2.895062852720000079e-01
1.300000000000000000e+06 2.901169102719999837e-01
1.400000000000000000e+06 2.905044102720000243e-01
1.500000000000000000e+06 2.910075352720000175e-01
1.600000000000000000e+06 2.918846275599999984e-01
1.700000000000000000e+06 3.017568382890000178e-01
2.000000000000000000e+06 3.069126981210000271e-01
2.300000000000000000e+06 3.081069102719999897e-01
2.600000000000000000e+06 3.161656602719999931e-01
2.900000000000000000e+06 3.256875352720000061e-01
3.200000000000000000e+06 3.372612852719999998e-01
3.500000000000000000e+06 3.534538480180000053e-01
3.700000000000000000e+06 3.742181510350000018e-01
4.000000000000000000e+06 3.966787760350000136e-01
4.300000000000000000e+06 4.245192760839999746e-01
4.600000000000000000e+06 4.567510792269999786e-01
4.900000000000000000e+06 4.904929542270000109e-01
5.200000000000000000e+06 5.301140718179999656e-01
5.500000000000000000e+06 5.722866438010000278e-01
5.800000000000000000e+06 6.159371956050000430e-01
6.100000000000000000e+06 6.601746957320000497e-01
6.400000000000000000e+06 7.057534456049999738e-01
6.700000000000000000e+06 7.057534456049999738e-01
7.000000000000000000e+06 7.492740707320000304e-01
7.300000000000000000e+06 7.492740707320000304e-01
7.600000000000000000e+06 7.908343598579999911e-01
7.900000000000000000e+06 8.308106098580000376e-01
8.100000000000000000e+06 8.671393597309999812e-01
8.400000000000000000e+06 9.008456097310000299e-01
8.700000000000000000e+06 9.298474848579999508e-01
9.000000000000000000e+06 9.592645763860000452e-01
9.300000000000000000e+06 9.853108262599999945e-01
9.600000000000000000e+06 1.008928326259999952e+00
9.900000000000000000e+06 1.028377076259999967e+00
1.000000000000000000e+07 1.059773951389999969e+00
1.100000000000000000e+07 1.090659576389999996e+00
1.200000000000000000e+07 1.112600201260000032e+00
1.300000000000000000e+07 1.121217658760000013e+00
1.400000000000000000e+07 1.128468283759999968e+00
1.500000000000000000e+07 1.132378283760000048e+00
1.600000000000000000e+07 1.136568908759999941e+00
1.700000000000000000e+07 1.138408283760000028e+00
1.800000000000000000e+07 1.141090158759999973e+00
