5.70e+03 0.0922
1.10e+04 0.1415
1.70e+04 0.1725
2.30e+04 0.1851
2.90e+04 0.2008
3.40e+04 0.2084
4.00e+04 0.2197
4.60e+04 0.2266
5.10e+04 0.2286
5.70e+04 0.2262
1.10e+05 0.2617
1.70e+05 0.2689
2.30e+05 0.2701
2.90e+05 0.2689
3.40e+05 0.2685
4.00e+05 0.2699
4.60e+05 0.2769
5.20e+05 0.2801
5.70e+05 0.2646
6.30e+05 0.2860
6.90e+05 0.2776
7.40e+05 0.2763
8.00e+05 0.2840
8.60e+05 0.2871
9.20e+05 0.2792
9.70e+05 0.2830
1.00e+06 0.2881
1.10e+06 0.2819
1.20e+06 0.2850
1.30e+06 0.2901
1.40e+06 0.2832
1.50e+06 0.2870
1.60e+06 0.2916
1.70e+06 0.2907
1.80e+06 0.2922
1.90e+06 0.2975
2.00e+06 0.2960
2.10e+06 0.2918
2.20e+06 0.3021
2.30e+06 0.2967
2.40e+06 0.2958
2.50e+06 0.3027
2.60e+06 0.2992
2.70e+06 0.3110
2.80e+06 0.3123
2.90e+06 0.3031
3.00e+06 0.3101
3.10e+06 0.3124
3.20e+06 0.3185
3.30e+06 0.3226
3.40e+06 0.3236
3.50e+06 0.3302
3.60e+06 0.3314
3.70e+06 0.3317
3.80e+06 0.3405
3.90e+06 0.3402
4.00e+06 0.3455
4.10e+06 0.3559
4.20e+06 0.3637
4.30e+06 0.3667
4.40e+06 0.3659
4.50e+06 0.3763
4.60e+06 0.3889
4.70e+06 0.3979
4.80e+06 0.4016
4.90e+06 0.4119
5.00e+06 0.4303
5.10e+06 0.4297
5.20e+06 0.4391
5.30e+06 0.4520
5.40e+06 0.4698
5.50e+06 0.4792
5.60e+06 0.4912
5.70e+06 0.5025
5.80e+06 0.5177
5.90e+06 0.5280
6.00e+06 0.5377
6.10e+06 0.5542
6.20e+06 0.5695
6.30e+06 0.5857
6.40e+06 0.5964
6.50e+06 0.6095
6.60e+06 0.6232
6.70e+06 0.6370
6.80e+06 0.6503
6.90e+06 0.6698
7.00e+06 0.6800
7.10e+06 0.6999
7.20e+06 0.7153
7.30e+06 0.7253
7.40e+06 0.7449
7.50e+06 0.7520
7.60e+06 0.7702
7.70e+06 0.7768
7.80e+06 0.7921
7.90e+06 0.8063
8.00e+06 0.8265
8.10e+06 0.8297
8.20e+06 0.8420
8.30e+06 0.8531
8.40e+06 0.8646
8.50e+06 0.8835
8.60e+06 0.8883
8.70e+06 0.8957
8.80e+06 0.9107
8.90e+06 0.9204
9.00e+06 0.9206
9.10e+06 0.9356
9.20e+06 0.9384
9.30e+06 0.9485
9.40e+06 0.9582
9.50e+06 0.9716
9.60e+06 0.9832
9.70e+06 0.9918
9.80e+06 1.0008
9.90e+06 1.0026
1.00e+07 1.0400
1.10e+07 1.0819
1.20e+07 1.1139
1.30e+07 1.1314
1.40e+07 1.1366
1.50e+07 1.1486
1.60e+07 1.1486
1.70e+07 1.1524
1.80e+07 1.1681
1.90e+07 1.1605
2.00e+07 1.1570
2.10e+07 1.1658
2.20e+07 1.1618
2.30e+07 1.1663
2.40e+07 1.1779
2.50e+07 1.1742
2.60e+07 1.1769
2.70e+07 1.1776
2.80e+07 1.1756
2.90e+07 1.1800
3.00e+07 1.1791
3.10e+07 1.1783
3.20e+07 1.1794
3.30e+07 1.1812
3.40e+07 1.1815
3.50e+07 1.1761
3.60e+07 1.1803
3.70e+07 1.1808
3.80e+07 1.1824
3.90e+07 1.1778
4.00e+07 1.1784
4.10e+07 1.1811
4.20e+07 1.1854
4.30e+07 1.1907
4.40e+07 1.1874
4.50e+07 1.1880
4.60e+07 1.1807
4.70e+07 1.1813
4.80e+07 1.1829
4.90e+07 1.1899
5.00e+07 1.1862
5.10e+07 1.1917
5.20e+07 1.1889
5.30e+07 1.1884
5.40e+07 1.1840
5.50e+07 1.1919
5.60e+07 1.1986
5.70e+07 1.2018
5.80e+07 1.2002
5.90e+07 1.1958
6.00e+07 1.2020
6.10e+07 1.2049
6.20e+07 1.2061
6.30e+07 1.2027
6.40e+07 1.2065
6.50e+07 1.2052
6.60e+07 1.2066
6.70e+07 1.2027
6.80e+07 1.2104
6.90e+07 1.1986
7.00e+07 1.2063
7.10e+07 1.2020
7.20e+07 1.2066
7.30e+07 1.2111
7.40e+07 1.2052
7.50e+07 1.2036
7.60e+07 1.2131
7.70e+07 1.2068
7.80e+07 1.2121
7.90e+07 1.2102
8.00e+07 1.2143
8.10e+07 1.2067
8.20e+07 1.2084
8.30e+07 1.2163
8.40e+07 1.2146
8.50e+07 1.2161
8.60e+07 1.2102
8.70e+07 1.2079
8.80e+07 1.2140
8.90e+07 1.2133
9.00e+07 1.2142
9.10e+07 1.2117
9.20e+07 1.2141
9.30e+07 1.2098
9.40e+07 1.2067
9.50e+07 1.2133
9.60e+07 1.2191
9.70e+07 1.2147
9.80e+07 1.2195
9.90e+07 1.2148
1.00e+08 1.2151
1.10e+08 1.2084
1.20e+08 1.2245
1.30e+08 1.2280
1.40e+08 1.2317
1.50e+08 1.2307
1.60e+08 1.2336
1.70e+08 1.2265
1.80e+08 1.2291
1.90e+08 1.2191
2.00e+08 1.2249
2.10e+08 1.2205
2.20e+08 1.2124
2.30e+08 1.2133
2.40e+08 1.2150
2.50e+08 1.2279
2.60e+08 1.2344
2.70e+08 1.2331
2.80e+08 1.2301
2.90e+08 1.2248
3.00e+08 1.2296
3.10e+08 1.2269
3.20e+08 1.2260
3.30e+08 1.2338
3.40e+08 1.2257
3.50e+08 1.2282
3.60e+08 1.2271
3.70e+08 1.2331
3.80e+08 1.2205
3.90e+08 1.2183
4.00e+08 1.2211
4.10e+08 1.2232
