8.50e+03 0.1109
3.40e+04 0.2084
5.10e+04 0.2263
8.50e+04 0.2533
9.30e+04 0.2546
1.70e+06 0.3283
2.30e+06 0.3674
3.40e+06 0.5524
4.20e+06 0.7800
5.10e+06 0.9918
6.80e+06 1.1383
8.50e+06 1.1713
9.10e+06 1.1727
9.60e+06 1.1721
1.40e+07 1.1917
1.60e+07 1.2044
1.70e+07 1.2129
1.80e+07 1.2032
2.40e+07 1.2193
2.60e+07 1.2220
3.00e+07 1.2346
3.40e+07 1.2390
3.50e+07 1.2422
3.90e+07 1.2447
4.10e+07 1.2501
4.30e+07 1.2540
4.40e+07 1.2566
4.60e+07 1.2656
5.00e+07 1.2657
5.20e+07 1.2634
5.50e+07 1.2692
5.70e+07 1.2712
6.10e+07 1.2755
6.40e+07 1.2712
6.50e+07 1.2782
