8.50e+03 0.1187
3.40e+04 0.2169
5.10e+04 0.2339
8.50e+04 0.2656
9.30e+04 0.2632
1.70e+06 0.3301
2.30e+06 0.3568
3.40e+06 0.5381
4.20e+06 0.7287
5.10e+06 0.9310
6.80e+06 1.1321
8.50e+06 1.1786
9.10e+06 1.1866
9.60e+06 1.1897
1.40e+07 1.2116
1.60e+07 1.2221
1.70e+07 1.2294
1.80e+07 1.2258
2.40e+07 1.2388
2.60e+07 1.2422
3.00e+07 1.2464
3.40e+07 1.2530
3.50e+07 1.2509
3.90e+07 1.2585
4.10e+07 1.2576
4.30e+07 1.2574
4.40e+07 1.2592
4.60e+07 1.2660
5.00e+07 1.2618
5.20e+07 1.2590
5.50e+07 1.2599
5.70e+07 1.2606
6.10e+07 1.2651
6.40e+07 1.2658
6.50e+07 1.2667
