3.10e-02 0.0108
3.10e+00 0.0108
1.20e+01 0.0111
1.80e+01 0.0105
6.10e+01 0.0104
1.50e+02 0.0114
1.20e+03 0.0224
2.80e+03 0.0286
9.20e+03 0.0789
1.20e+04 0.0951
9.20e+04 0.2055
1.20e+05 0.2293
1.50e+05 0.2323
2.40e+05 0.2495
3.10e+05 0.2560
6.70e+05 0.2870
1.50e+06 0.3360
3.10e+06 0.4330
3.20e+06 0.4423
3.70e+06 0.4814
6.60e+06 0.7288
7.20e+06 0.7716
7.70e+06 0.8144
1.40e+07 0.9952
1.60e+07 1.0383
1.70e+07 1.0508
1.80e+07 1.0623
2.40e+07 1.1209
2.60e+07 1.1352
3.00e+07 1.1623
3.50e+07 1.1889
3.90e+07 1.2008
4.30e+07 1.2129
4.40e+07 1.2161
4.60e+07 1.2221
5.00e+07 1.2265
5.20e+07 1.2317
5.50e+07 1.2347
5.70e+07 1.2413
6.10e+07 1.2543
6.40e+07 1.2615
6.50e+07 1.2681
7.10e+07 1.2775
7.20e+07 1.2753
7.50e+07 1.2740
7.60e+07 1.2726
7.70e+07 1.2744
