3.10e-02 0.0118
3.10e+00 0.0118
1.20e+01 0.0119
1.80e+01 0.0113
2.40e+01 0.0115
6.10e+01 0.0133
1.50e+02 0.0132
1.20e+03 0.0180
2.80e+03 0.0295
9.20e+03 0.0681
1.20e+04 0.0830
9.20e+04 0.2122
1.20e+05 0.2269
1.50e+05 0.2384
2.40e+05 0.2570
3.10e+05 0.2599
6.80e+05 0.2833
1.50e+06 0.3289
2.00e+06 0.3459
3.10e+06 0.4176
3.20e+06 0.4238
7.20e+06 0.7672
9.00e+06 0.8539
1.40e+07 1.0151
1.60e+07 1.0524
1.70e+07 1.0692
1.80e+07 1.0852
2.40e+07 1.1462
2.60e+07 1.1488
3.00e+07 1.1777
3.50e+07 1.1954
3.90e+07 1.2172
4.30e+07 1.2271
4.40e+07 1.2303
4.60e+07 1.2373
5.00e+07 1.2462
5.20e+07 1.2450
5.50e+07 1.2422
5.70e+07 1.2474
6.10e+07 1.2591
6.40e+07 1.2580
6.50e+07 1.2574
7.10e+07 1.2679
7.20e+07 1.2670
7.50e+07 1.2643
7.60e+07 1.2674
7.70e+07 1.2665
