8.50e+03 0.1163
3.40e+04 0.2125
5.10e+04 0.2326
8.50e+04 0.2557
9.30e+04 0.2606
1.70e+06 0.3377
2.30e+06 0.3833
3.40e+06 0.5888
4.20e+06 0.8034
5.10e+06 0.9915
6.80e+06 1.1421
8.50e+06 1.1719
9.10e+06 1.1786
9.60e+06 1.1824
1.40e+07 1.2133
1.60e+07 1.2215
1.70e+07 1.2276
1.80e+07 1.2234
2.40e+07 1.2300
2.60e+07 1.2252
3.00e+07 1.2321
3.40e+07 1.2439
3.50e+07 1.2477
3.90e+07 1.2544
4.10e+07 1.2546
4.30e+07 1.2505
4.40e+07 1.2546
4.60e+07 1.2503
5.00e+07 1.2575
5.20e+07 1.2620
5.50e+07 1.2651
5.70e+07 1.2678
6.10e+07 1.2607
6.40e+07 1.2644
6.50e+07 1.2596
