3.10e-02 0.0119
3.10e+00 0.0119
1.20e+01 0.0118
1.80e+01 0.0118
2.40e+01 0.0118
6.10e+01 0.0122
1.50e+02 0.0112
1.20e+03 0.0125
2.80e+03 0.0253
9.20e+03 0.0660
1.20e+04 0.0894
9.20e+04 0.2179
1.20e+05 0.2311
1.50e+05 0.2408
2.40e+05 0.2496
3.10e+05 0.2627
6.70e+05 0.2834
1.50e+06 0.3421
3.10e+06 0.4345
3.70e+06 0.4908
6.60e+06 0.7446
7.20e+06 0.7843
7.70e+06 0.8080
9.40e+06 0.8886
1.40e+07 1.0168
1.60e+07 1.0442
1.70e+07 1.0507
2.40e+07 1.1189
2.60e+07 1.1323
3.00e+07 1.1631
3.50e+07 1.1863
3.90e+07 1.2045
4.30e+07 1.2179
4.40e+07 1.2263
4.60e+07 1.2323
5.00e+07 1.2389
5.20e+07 1.2461
5.50e+07 1.2458
5.70e+07 1.2437
6.10e+07 1.2535
6.40e+07 1.2473
6.50e+07 1.2473
7.10e+07 1.2579
7.20e+07 1.2613
7.50e+07 1.2592
7.60e+07 1.2612
7.70e+07 1.2586
