3.10e-02 0.0180
3.10e+00 0.0180
1.20e+01 0.0180
2.40e+01 0.0183
6.10e+01 0.0179
1.50e+02 0.0161
1.20e+03 0.0209
2.80e+03 0.0271
9.20e+03 0.0620
1.20e+04 0.0859
9.20e+04 0.2100
1.20e+05 0.2221
1.50e+05 0.2365
2.40e+05 0.2512
3.10e+05 0.2585
6.70e+05 0.2854
1.50e+06 0.3241
2.00e+06 0.3549
3.10e+06 0.4269
3.20e+06 0.4339
5.00e+06 0.5768
9.00e+06 0.8365
9.60e+06 0.8593
1.40e+07 0.9948
1.60e+07 1.0488
1.70e+07 1.0540
1.80e+07 1.0708
2.40e+07 1.1288
2.60e+07 1.1416
3.00e+07 1.1633
3.50e+07 1.1915
3.90e+07 1.2057
4.30e+07 1.2113
4.40e+07 1.2163
4.60e+07 1.2169
5.00e+07 1.2239
5.20e+07 1.2275
5.50e+07 1.2412
5.70e+07 1.2397
6.10e+07 1.2421
6.40e+07 1.2429
6.50e+07 1.2421
7.10e+07 1.2487
7.20e+07 1.2404
7.50e+07 1.2452
7.60e+07 1.2397
7.70e+07 1.2451
