3.10e-02 0.0092
3.10e+00 0.0092
1.20e+01 0.0098
1.80e+01 0.0098
2.40e+01 0.0098
6.10e+01 0.0094
1.50e+02 0.0109
1.20e+03 0.0217
2.80e+03 0.0297
9.20e+03 0.0694
1.20e+04 0.0836
9.20e+04 0.2126
1.20e+05 0.2226
1.50e+05 0.2313
2.40e+05 0.2508
3.10e+05 0.2652
6.70e+05 0.2901
1.50e+06 0.3395
3.10e+06 0.4451
3.70e+06 0.4901
4.20e+06 0.5502
4.80e+06 0.6093
7.00e+06 0.7776
1.40e+07 1.0278
1.60e+07 1.0658
1.70e+07 1.0853
1.80e+07 1.0952
2.40e+07 1.1457
2.60e+07 1.1589
3.00e+07 1.1820
3.50e+07 1.2047
3.90e+07 1.2119
4.30e+07 1.2302
4.40e+07 1.2347
4.60e+07 1.2432
5.00e+07 1.2543
5.20e+07 1.2534
5.50e+07 1.2593
5.70e+07 1.2608
6.10e+07 1.2583
6.40e+07 1.2569
6.50e+07 1.2676
7.10e+07 1.2690
7.20e+07 1.2633
7.50e+07 1.2681
7.60e+07 1.2641
7.70e+07 1.2625
