8.50e+03 0.1140
3.40e+04 0.2136
5.10e+04 0.2340
8.50e+04 0.2542
9.30e+04 0.2546
1.70e+06 0.3303
2.30e+06 0.3827
3.40e+06 0.5783
4.20e+06 0.7850
5.10e+06 0.9673
6.80e+06 1.1304
8.50e+06 1.1676
9.10e+06 1.1700
9.60e+06 1.1810
1.40e+07 1.1992
1.60e+07 1.2147
1.70e+07 1.2123
1.80e+07 1.2191
2.40e+07 1.2282
2.60e+07 1.2380
3.00e+07 1.2424
3.40e+07 1.2359
3.50e+07 1.2523
3.90e+07 1.2449
4.10e+07 1.2501
4.30e+07 1.2547
4.40e+07 1.2563
4.60e+07 1.2545
5.00e+07 1.2575
5.20e+07 1.2650
5.50e+07 1.2667
5.70e+07 1.2690
6.10e+07 1.2718
6.40e+07 1.2734
6.50e+07 1.2753
