8.50e+03 0.1197
3.40e+04 0.2050
5.10e+04 0.2284
8.50e+04 0.2518
9.30e+04 0.2478
1.70e+06 0.3268
2.30e+06 0.3589
3.40e+06 0.5482
4.20e+06 0.7562
5.10e+06 0.9654
6.80e+06 1.1358
8.50e+06 1.1808
9.10e+06 1.1846
9.60e+06 1.1889
1.40e+07 1.2141
1.60e+07 1.2229
1.70e+07 1.2226
1.80e+07 1.2209
2.40e+07 1.2281
2.60e+07 1.2301
3.00e+07 1.2303
3.40e+07 1.2531
3.50e+07 1.2585
3.90e+07 1.2533
4.10e+07 1.2531
4.30e+07 1.2523
4.40e+07 1.2569
4.60e+07 1.2590
5.00e+07 1.2483
5.20e+07 1.2554
5.50e+07 1.2640
5.70e+07 1.2706
6.10e+07 1.2756
6.40e+07 1.2783
6.50e+07 1.2821
