8.50e-01 0.0151
9.30e-01 0.0151
1.70e+00 0.0149
2.50e+00 0.0149
3.40e+00 0.0149
4.20e+00 0.0149
5.10e+00 0.0152
5.90e+00 0.0155
6.80e+00 0.0155
7.60e+00 0.0157
8.50e+00 0.0157
9.30e+00 0.0156
1.70e+01 0.0150
2.50e+01 0.0153
3.40e+01 0.0158
4.20e+01 0.0155
5.10e+01 0.0155
5.90e+01 0.0159
6.80e+01 0.0165
7.60e+01 0.0171
8.50e+01 0.0165
9.30e+01 0.0163
1.70e+02 0.0182
2.50e+02 0.0187
3.40e+02 0.0191
4.20e+02 0.0178
5.10e+02 0.0158
5.90e+02 0.0186
6.80e+02 0.0204
7.60e+02 0.0223
8.50e+02 0.0234
9.30e+02 0.0256
1.70e+03 0.0276
2.50e+03 0.0374
3.40e+03 0.0466
4.20e+03 0.0591
5.10e+03 0.0677
5.90e+03 0.0777
6.80e+03 0.0852
7.60e+03 0.0937
8.50e+03 0.0943
9.30e+03 0.1061
1.70e+04 0.1442
2.50e+04 0.1693
3.40e+04 0.1820
4.20e+04 0.2068
5.10e+04 0.2055
5.90e+04 0.2186
6.80e+04 0.2241
7.60e+04 0.2281
8.50e+04 0.2282
9.30e+04 0.2375
5.70e+05 0.2672
8.50e+05 0.2691
1.10e+06 0.2626
1.70e+06 0.2730
2.30e+06 0.2781
2.50e+06 0.2678
2.90e+06 0.2864
3.40e+06 0.2988
4.00e+06 0.3076
4.20e+06 0.3190
4.60e+06 0.3318
5.10e+06 0.3643
5.20e+06 0.3563
5.70e+06 0.4009
5.90e+06 0.4382
6.30e+06 0.4676
6.80e+06 0.5307
6.90e+06 0.5420
7.40e+06 0.6297
7.60e+06 0.6510
8.00e+06 0.7053
8.50e+06 0.7679
8.60e+06 0.7845
9.10e+06 0.8428
9.70e+06 0.9062
1.00e+07 0.9612
1.10e+07 1.0404
1.20e+07 1.0652
1.30e+07 1.0932
1.40e+07 1.1131
1.50e+07 1.1192
1.60e+07 1.1238
1.70e+07 1.1262
1.80e+07 1.1265
1.90e+07 1.1276
2.00e+07 1.1360
2.10e+07 1.1348
2.20e+07 1.1334
2.30e+07 1.1409
2.40e+07 1.1396
2.50e+07 1.1408
2.60e+07 1.1358
2.70e+07 1.1392
2.80e+07 1.1360
2.90e+07 1.1372
3.00e+07 1.1419
3.10e+07 1.1525
3.20e+07 1.1517
3.30e+07 1.1587
3.40e+07 1.1584
3.50e+07 1.1574
3.60e+07 1.1590
3.70e+07 1.1660
3.80e+07 1.1655
3.90e+07 1.1750
4.00e+07 1.1666
4.10e+07 1.1723
4.20e+07 1.1733
4.30e+07 1.1733
4.40e+07 1.1775
4.50e+07 1.1726
4.60e+07 1.1676
4.70e+07 1.1747
4.80e+07 1.1753
4.90e+07 1.1787
5.00e+07 1.1832
5.10e+07 1.1759
5.20e+07 1.1757
5.30e+07 1.1766
5.40e+07 1.1724
5.50e+07 1.1814
5.60e+07 1.1692
5.70e+07 1.1711
5.80e+07 1.1682
5.90e+07 1.1738
6.00e+07 1.1785
6.10e+07 1.1768
6.20e+07 1.1720
6.30e+07 1.1785
6.40e+07 1.1826
6.50e+07 1.1767
6.60e+07 1.1778
6.70e+07 1.1774
6.80e+07 1.1778
6.90e+07 1.1782
7.00e+07 1.1821
7.10e+07 1.1760
7.20e+07 1.1787
7.30e+07 1.1795
7.40e+07 1.1798
7.50e+07 1.1757
