2.80e-01 0.0106
3.00e-01 0.0107
5.50e-01 0.0107
8.30e-01 0.0107
1.10e+00 0.0108
1.40e+00 0.0108
1.70e+00 0.0109
1.90e+00 0.0109
2.20e+00 0.0110
2.50e+00 0.0111
2.80e+00 0.0113
3.00e+00 0.0114
5.50e+00 0.0112
8.30e+00 0.0108
1.10e+01 0.0107
1.40e+01 0.0104
1.70e+01 0.0100
1.90e+01 0.0104
2.20e+01 0.0100
2.50e+01 0.0102
2.80e+01 0.0101
3.00e+01 0.0099
5.50e+01 0.0106
8.30e+01 0.0110
1.10e+02 0.0092
1.40e+02 0.0090
1.70e+02 0.0102
1.90e+02 0.0086
2.20e+02 0.0098
2.50e+02 0.0114
2.80e+02 0.0106
3.00e+02 0.0112
5.50e+02 0.0133
8.30e+02 0.0163
1.10e+03 0.0194
1.40e+03 0.0254
1.70e+03 0.0288
1.90e+03 0.0348
2.20e+03 0.0383
2.50e+03 0.0429
2.80e+03 0.0466
3.00e+03 0.0504
5.50e+03 0.0788
8.30e+03 0.1034
1.10e+04 0.1199
1.40e+04 0.1373
1.70e+04 0.1505
1.90e+04 0.1672
2.20e+04 0.1712
2.50e+04 0.1804
2.80e+04 0.1822
3.00e+04 0.1866
1.90e+05 0.2410
2.80e+05 0.2460
3.70e+05 0.2541
5.50e+05 0.2647
5.60e+05 0.2665
7.50e+05 0.2622
8.30e+05 0.2720
9.40e+05 0.2567
1.10e+06 0.2753
1.30e+06 0.2707
1.40e+06 0.2732
1.50e+06 0.2597
1.70e+06 0.2683
1.90e+06 0.2744
2.10e+06 0.2771
2.20e+06 0.2730
2.40e+06 0.2700
2.50e+06 0.2765
2.60e+06 0.2761
2.80e+06 0.2713
3.00e+06 0.2800
3.20e+06 0.2858
3.40e+06 0.2839
3.60e+06 0.2884
3.70e+06 0.2928
3.90e+06 0.2881
4.10e+06 0.3016
4.30e+06 0.2994
4.50e+06 0.2952
4.70e+06 0.3024
4.90e+06 0.3083
5.10e+06 0.3050
5.20e+06 0.3212
5.40e+06 0.3277
5.50e+06 0.3350
5.60e+06 0.3365
5.80e+06 0.3478
6.00e+06 0.3547
6.20e+06 0.3708
6.40e+06 0.3823
6.50e+06 0.4007
6.70e+06 0.4163
6.90e+06 0.4284
7.10e+06 0.4480
7.30e+06 0.4654
7.50e+06 0.4805
7.70e+06 0.5153
7.90e+06 0.5211
8.00e+06 0.5496
8.20e+06 0.5717
8.30e+06 0.5783
8.40e+06 0.5974
8.60e+06 0.6177
8.80e+06 0.6423
9.00e+06 0.6580
9.10e+06 0.6926
9.30e+06 0.7074
9.50e+06 0.7284
9.70e+06 0.7588
9.90e+06 0.7778
1.00e+07 0.8455
1.10e+07 0.9368
1.20e+07 1.0281
1.30e+07 1.0693
1.40e+07 1.1013
1.50e+07 1.1267
1.60e+07 1.1294
1.70e+07 1.1430
1.80e+07 1.1458
1.90e+07 1.1409
2.00e+07 1.1419
2.10e+07 1.1520
2.20e+07 1.1600
2.30e+07 1.1499
2.40e+07 1.1509
2.50e+07 1.1552
2.60e+07 1.1566
2.70e+07 1.1652
2.80e+07 1.1673
2.90e+07 1.1755
3.00e+07 1.1740
3.10e+07 1.1809
3.20e+07 1.1791
3.30e+07 1.1776
3.40e+07 1.1788
3.50e+07 1.1778
3.60e+07 1.1807
3.70e+07 1.1820
3.80e+07 1.1776
3.90e+07 1.1734
4.00e+07 1.1777
4.10e+07 1.1742
4.20e+07 1.1771
4.30e+07 1.1878
4.40e+07 1.1828
