1.00e-06 0.0100
1.10e-06 0.0100
2.00e-06 0.0099
3.00e-06 0.0100
4.00e-06 0.0100
5.00e-06 0.0100
6.00e-06 0.0103
7.00e-06 0.0104
8.00e-06 0.0106
9.00e-06 0.0107
1.00e-05 0.0108
1.10e-05 0.0108
2.00e-05 0.0110
1.00e+00 0.0104
2.00e+00 0.0104
3.00e+00 0.0104
4.00e+00 0.0104
5.00e+00 0.0104
6.00e+00 0.0102
7.00e+00 0.0102
8.00e+00 0.0102
9.00e+00 0.0102
1.00e+01 0.0102
2.00e+01 0.0108
3.00e+01 0.0106
4.00e+01 0.0103
5.00e+01 0.0104
6.00e+01 0.0104
7.00e+01 0.0104
8.00e+01 0.0105
9.00e+01 0.0098
1.00e+02 0.0108
2.00e+02 0.0106
3.00e+02 0.0101
4.00e+02 0.0114
5.00e+02 0.0114
6.00e+02 0.0107
7.00e+02 0.0096
8.00e+02 0.0123
9.00e+02 0.0117
1.00e+03 0.0113
2.00e+03 0.0151
3.00e+03 0.0254
4.00e+03 0.0287
5.00e+03 0.0359
6.00e+03 0.0444
7.00e+03 0.0486
8.00e+03 0.0556
9.00e+03 0.0594
1.00e+04 0.0648
2.00e+04 0.1078
3.00e+04 0.1294
4.00e+04 0.1445
5.00e+04 0.1556
6.00e+04 0.1624
7.00e+04 0.1717
8.00e+04 0.1835
9.00e+04 0.1906
1.00e+05 0.1883
2.00e+05 0.2259
2.20e+05 0.2245
3.00e+05 0.2271
4.00e+05 0.2386
4.40e+05 0.2389
5.00e+05 0.2436
6.00e+05 0.2478
6.60e+05 0.2476
7.00e+05 0.2570
8.00e+05 0.2446
8.80e+05 0.2516
9.00e+05 0.2517
1.00e+06 0.2549
1.10e+06 0.2650
1.30e+06 0.2564
1.50e+06 0.2619
1.80e+06 0.2661
2.00e+06 0.2757
2.20e+06 0.2743
2.40e+06 0.2770
2.60e+06 0.2685
2.80e+06 0.2773
3.00e+06 0.2799
3.10e+06 0.2814
3.30e+06 0.2793
3.50e+06 0.2801
3.70e+06 0.2817
3.90e+06 0.2870
4.00e+06 0.2892
4.10e+06 0.2891
4.30e+06 0.2924
4.50e+06 0.3004
4.80e+06 0.3101
5.00e+06 0.3077
5.20e+06 0.3072
5.40e+06 0.3178
5.60e+06 0.3319
5.80e+06 0.3282
6.00e+06 0.3260
6.20e+06 0.3333
6.40e+06 0.3374
6.60e+06 0.3475
6.80e+06 0.3468
7.00e+06 0.3513
7.20e+06 0.3704
7.40e+06 0.3751
7.60e+06 0.3850
7.80e+06 0.3887
8.00e+06 0.3991
8.20e+06 0.4058
8.40e+06 0.4154
8.60e+06 0.4275
8.80e+06 0.4286
9.00e+06 0.4438
9.20e+06 0.4523
9.40e+06 0.4632
9.60e+06 0.4705
9.80e+06 0.4804
1.00e+07 0.5148
1.10e+07 0.5716
1.20e+07 0.6236
1.30e+07 0.6767
1.40e+07 0.7147
1.50e+07 0.7495
1.60e+07 0.7758
1.70e+07 0.8014
1.80e+07 0.8216
1.90e+07 0.8360
2.00e+07 0.8556
2.10e+07 0.8747
2.20e+07 0.8822
2.30e+07 0.8904
2.40e+07 0.9085
2.50e+07 0.9208
2.60e+07 0.9307
2.70e+07 0.9441
2.80e+07 0.9494
2.90e+07 0.9584
3.00e+07 0.9715
3.10e+07 0.9738
3.20e+07 0.9863
3.30e+07 0.9834
3.40e+07 0.9938
3.50e+07 1.0035
3.60e+07 1.0087
3.70e+07 1.0064
3.80e+07 1.0126
3.90e+07 1.0138
4.00e+07 1.0186
4.10e+07 1.0315
4.20e+07 1.0302
4.30e+07 1.0379
4.40e+07 1.0386
4.50e+07 1.0414
4.60e+07 1.0532
4.70e+07 1.0592
4.80e+07 1.0674
4.90e+07 1.0697
5.00e+07 1.0773
5.10e+07 1.0770
5.20e+07 1.0800
5.30e+07 1.0836
5.40e+07 1.0891
5.50e+07 1.0905
5.60e+07 1.0945
5.70e+07 1.1010
5.80e+07 1.0986
